13
6
a b
1 2 5
1 2
3 4
4 3
5 5
5 5
5 5
6
a b
3 4 5
1 2
3 4
4 3
5 5
5 5
5 5
6
a
1 4
1
2
3
4
5
0
4
a b
0 1
1 2
1 2
3 1
3 3
6
a b
3 5
0 1
1 2
2 3
3 1
4 5
5 4
7
x y
4 6
0 1
1 2
2 3
3 4
4 5
5 1
6 6
8
p q r
5 7
0 1 2
1 2 3
2 1 4
3 4 5
4 5 3
5 6 7
6 7 1
7 3 2
9
d e f g
6 8
0 1 2 3
1 2 3 4
2 3 1 5
3 4 5 6
4 5 6 3
5 6 7 1
6 7 1 2
7 3 2 4
8 2 4 1
6
m n
3 5
0 1
1 2
2 3
3 1
4 5
5 4
7
a b c
4 6
0 1 2
1 2 0
2 3 4
3 4 2
4 5 6
5 6 3
6 3 1
8
x y z
5 7
0 1 2
1 2 3
2 3 1
3 4 5
4 5 6
5 6 2
6 7 2
7 2 4
9
p q r s
6 8
0 1 2 3
1 2 3 1
2 3 4 5
3 4 5 2
4 5 6 7
5 6 7 1
6 7 1 2
7 1 2 3
8 2 4 1
10
g h i j
7 9
0 1 2 3
1 2 3 1
2 3 4 5
3 4 5 2
4 5 6 7
5 6 7 1
6 7 1 3
7 8 2 3
8 2 3 4
9 3 1 5